6
9
2
42
7
16
7
6
7
6
7
6
7
7
6
195
6
7
6
7
6
6
7
12
8
7
7
12
7
7
9
6
15
6
6
9
6
54
6
18
8
3
6
6
6
7
7
6
6
7
8
7
6
8
6
6
7
7
7
52
6
9
6
7
6
6
6
6
7
7
6
6
7
7
7
7
6
7
7
6
6
6
7
7
8
9
9
6
7
69
6
15
7
7
66
6
7
7
7
7
27
173
7
6
28
14
7
7
7
7
6
7
7
7
8
7
9
6
7
7
7
8
10
7
7
8
7
7
6
11
7
7
8
7
8
7
6
7
6
6
8
6
10
7
7
7
7
7
6
9
6
6
9
1
6
6
7
6
7
6
8
6
6
9
6
18
6
29
7
6
18
6
7
6
7
6
7
7
6
8
91
18
6
6
7
22
7
6
6
6
9
6
6
6
7
7
6
7
12
6
6
6
67
7
6
6
3
6
7
6
6
7
7
12
7
7
7
6
7
7
7
6
6
7
7
9
6
7
6
7
8
6
8
7
7
43
7
6
7
7
6
6
6
6
6
6
6
7
7
6
6
7
9
6
8
9
51
6
6
6
7
7
9
7
7
7
6
8
6
7
6
6
6
6
6
6
6
7
6
6
6
6
5
7
7
6
6
8
6
6
6
6
6
24
6
6
6
6
3
5
6
6
53
6
7
7
7
7
10
6
6
6
6
7
6
6
6
8
11
6
6
6
36
6
6
6
6
6
6
6
6
6
6
1
1
6
7
7
6
7
65
7
11
6
4
6
6
6
6
7
8
7
6
5
6
6
8
6
6
6
6
6
9
6
7
7
8
6
6
7
6
7
6
6
7
6
6
6
6
6
7
11
8
8
6
66
6
8
6
10
7
1
8
7
6
6
8
6
6
23
16
7
2
6
26
7
6
66
7
8
7
6
6
7
3
8
7
7
6
6
6
6
9
6
7
7
6
7
6
22
6
6
6
6
7
7
6
6
6
7
24
6
7
6
6
8
7
6
7
7
6
6
7
6
6
6
6
6
6
8
6
6
82
6
6
3
4
9
6
6
6
9
3
6
28
6
7
6
6
6
6
6
6
6
6
6
6
6
7
6
7
9
6
6
7
6
6
68
6
7
10
6
6
6
7
6
6
6
6
6
6
6
6
6
6
6
6
6
7
7
6
6
6
7
6
3
6
7
9
6
6
6
6
6
6
6
7
7
6
6
6
6
6
6
7
7
6
6
6
8
7
6
6
6
6
6
6
7
5
6
7
7
7
10
3
7
6
6
6
7
7
6
29
6
7
6
5
8
7
7
6
6
7
6
6
6
6
6
66
6
8
8
6
6
3
3
7
6
7
5
9
6
10
6
6
6
6
9
15
9
6
3
6
6
15
7
7
6
7
6
6
6
7
6
6
7
6
1
26
6
6
6
6
6
6
7
6
66
6
6
8
6
6
7
6
6
6
6
13
6
7
6
7
6
6
7
7
13
7
6
6
6
7
10
7
6
1111
7
7
7
7
6
6
7
5
4
6
6
6
7
7
6
7
6
6
7
7
7
7
7
26
7
8
6
6
8
7
7
6
6
6
6
6
6
7
6
6
6
6
7
6
6
7
7
7
7
6
6
7
7
6
7
6
65
6
6
7
6
55
8
6
6
7
6
7
7
6
7
6
7
7
6
6
6
10
6
6
6
6
7
7
6
6
7
6
7
7
104
7
7
7
7
7
7
5
16
6
6
167
6
7
7
7
7
7
6
10
6
7
6
6
6
8
8
6
6
6
7
65
7
6
52
7
6
6
7
7
7
6
18
6
7
6
6
6
6
7
6
10
6
7
6
11
26
7
4
6
7
7
6
7
7
7
65
7
7
51
8
7
6
6
6
7
7
6
7
7
6
8
6
7
11
9
15
50
7
6
6
6
10
6
6
6
6
6
8
7
110
7
6
5
7
8
6
7
6
6
7
8
6
7
6
7
6
6
8
6
6
7
6
6
6
7
7
7
6
9
6
4
6
6
7
7
7
5
6
7
6
6
6
6
6
7
7
7
7
6
6
7
6
36
6
6
6
6
6
6
6
2
6
40
6
6
8
7
6
6
6
7
6
6
7
6
6
7
8
11
7
7
6
6
6
7
6
7
8
6
7
12
6
7
6
7
7
6
7
7
8
6
6
6
7
9
6
8
25
8
6
6
18
6
9
8
6
57
6
7
6
6
9
11
8
7
7
61
6
6
6
8
10
6
6
6
6
6
9
6
6
7
6
7
9
6
7
7
6
6
55
7
22
6
7
8
66
66
32
6
7
11
7
6
2
6
12
9
12
7
33
6
6
6
7
55
6
7
7
6
7
6
6
7
70
6
6
8
6
7
7
7
7
7
8
6
7
6
6
7
7
7
6
7
6
6
6
11
6
1315
7
6
6
6
8
6
7
6
7
8
6
6
6
6
7
6
6
6
6
6
6
6
6
7
7
6
6
95
6
7
208
6
6
6
6
9
6
6
6
7
6
7
7
7
6
6
6
6
6
6
6
7
6
6
127
7
67
6
6
6
7
141
7
6
6
6
6
6
7
6
7
11
6
6
32
22
7
3
7
6
7
12
7
10
6
6
7
7
10
7
6
3140
6
12
57
12
6
69
8
7
9
6
8
6
6
7
6
6
7
6
6
6
14
6
6
7
7
8
9
6
6
8
1767
6
7
9
10
7
7
8
6
6
6
8
8
6
8
10
6
7
7
6
6
7
7
9
6
7
7
7
6
7
6
6
7
6
7
6
82
6
7
7
24
6
11
6
7
6
16
7
6
7
2
8
8
7
6
6
6
6
7
6
6
10
7
6
6
6
6
65
6
6
6
6
6
6
6
6
9
6
26
6
6
8
8
6
7
7
4
11
6
7
6
7
7
6
6
6
6
6
8
7
6
8
6
7
6
6
6
6
6
6
45
6
6
6
8
6
6
5
7
6
6
65
7
6
6
9
8
6
7
6
8
6
6
6
6
7
6
6
9
13
10
7
6
8
7
6
6
8
7
6
6
6
6
6
6
6
6
9
6
6
6
7
11
7
10
7
7
3
6
7
6
9
3
7
6
6
6
6
6
6
6
6
6
6
6
10
7
7
7
7
7
6
6
7
11
9
1
6
6
6
7
6
7
6
6
6
7
10
6
6
6
8
6
6
6
6
6
6
6
7
6
7
6
8
6
20
6
6
6
6
7
7
7
8
7
6
8
7
6
6
6
5
6
6
6
6
6
6
6
6
6
6
6
6
6
6
8
7
3
6
7
19
6
6
6
6
7
8
3
28
6
6
6
6
6
66
9
7
5
40
6
6
7
7
6
6
7
17
8
6
7
6
7
7
7
6
9
7
7
8
6
10
24
8
7
7
9
7
7
7
6
7
6
6
6
11
8
13
8
9
6
6
6
6
6
6
6
6
6
6
6
6
6
6
7
6
7
7
7
6
6
11
6
6
6
5
8
8
7
7
6
6
7
8
6
6
7
12
6
6
7
6
7
7
6
9
8
6
6
6
6
6
6
6
9
6
5
7
9
6
6
6
6
7
6
7
6
6
6
8
6
6
6
6
6
6
6
6
7
9
6
6
6
6
6
8
6
6
7
9
7
8
6
6
6
4
6
27
6
5
6
7
7
6
46
6
6
6
6
6
7
982
7
6
8
8
8
29
8
67
10
8
8
7
7
6
7
7
6
3
6
7
8
7
7
11
12
7
9
8
8
7
7
8
6
9
6
7
6
6
6
6
6
7
6
7
7
6
7
7
7
7
6
7
7
7
8
6
7
7
6
7
6
7
6
6
6
7
6
6
6
6
6
8
8
8
7
7
7
13
6
11
11
7
21
6
8
6
6
6
6
6
6
6
6
6
6
7
8
7
8
7
7
6
7
3
7
5
10
7
6
6
6
6
6
7
5
7
6
6
6
2
7
6
1460
7
7
7
6
6
6
7
8
6
6
6
7
6
6
11
6
7
6
7
8
11
19
7
6
7
7
7
8
6
7
362
6
6
6
6
8
6
6
6
8
7
6
7
6
6
7
9
9
7
6
6
2
7
7
10
6
9
6
7
6
6
6
13
6
6
6
21
6
6
7
8
6
6
6
8
9
10
6
7
7
10
7
57
7
6
7
11
7
9
6
6
8
1
7
9
6
10
5
6
6
28
6
6
6
12
6
7
7
6
6
5
6
6
7
6
6
7
6
6
6
8
7
2952
7
7
8
4
7
6
7
6
7
7
8
8
15
41
7
6
6
7
6
7
6
8
7
9
7
6
8
6
11
7
859
6
6
6
10
66
6
6
6
6
7
7
7
6
6
7
7
7
6
6
7
7
6
6
6
6
6
6
6
7
6
10
6
7
6
6
7
7
7
7
10
8
8
7
10
7
7
7
7
10
7
9
6
8
6
7
6
8
7
7
10
7
6
7
6
8
7
9
7
6
7
6
66
7
50
6
8
66
1
7
6
6
7
7
12
6
6
6
6
6
6
6
2445
6
7
6
6
9
9
7
6
7
4
7
6
9
6
6
6
9
7
7
23
8
7
7
7
7
6
7
7
7
8
1374
7
6
9
7
7
9
6
6
7
6
6
6
6
9
6
7
6
6
6
6
6
6
9
6
6
6
6
7
6
6
6
6
7
6
8
12
6
6
7
7
6
7
7
6
7
6
9
7
6
7
9
6
6
7
6
6
6
6
6
35
6
6
8
5
6
7
6
8
6
7
6
6
6
6
7
28
8
6
7
6
6
7
6
6
7
8
6
7
9
6
6
3066
6
8
6
6
6
6
6
11
6
8
7
7
6
7
6
7
6
9
6
7
6
7
7
7
66
7
6
8
7
6
1772
6
7
6
34
7
6
7
6
6
6
7
6
6
4
6
6
6
8
8
6
6
6
6
7
7
6
8
5
6
6
6
6
6
6
6
22
7
6
7
7
6
6
6
6
7
6
8
8
6
6
6
6
6
6
6
7
6
6
6
6
6
46
6
7
11
7
6
6
8
6
6
6
7
7
7
7
10
6
8
6
6
7
7
4
7
8
8
43
7
7
7
3424
6
6
6
6
6
6
6
6
7
6
8
6
8
6
6
6
6
6
24
6
7
6
6
7
7
6
6
6
6
7
2297
8
6
6
6
6
6
7
6
6
30
6
7
7
7
7
7
7
6
7
66
7
36
7
6
6
7
7
7
7
7
1032
6
6
7
7
7
6
6
10
6
6
33
6
6
6
6
7
23
6
6
7
6
6
9
6
7
6
19
11
7
24
7
6
46
7
6
6
7
6
6
6
7
6
6
11
6
8
7
3
7
6
41
7
7
6
6
7
8
7
6
6
6
6
8
6
6
9
180
7
7
6
6
7
40
7
7
7
9
6
6
6
6
6
6
6
6
6
9
8
6
6
6
6
6
6
6
6
6
6
5
6
6
6
6
6
6
7
7
6
6
6
7
6
6
6
6
9
6
6
6
6
6
6
1578
7
8
6
8
6
7
7
8
9
2
7
7
7
6
7
7
6
6
6
7
6
7
7
44
7
7
7
8
7
7
331
10
9
6
7
2
7
6
7
7
8
6
6
12
6
6
6
9
10
8
6
9
6
7
7
7
6
6
8
8
6
242
6
8
6
6
7
6
13
15
7
8
7
9
7
7
7
10
7
9
6
1
2
6
6
7
7
7
7
8
7
3089
6
6
13
6
8
6
7
6
7
7
7
6
6
6
7
6
6
6
6
6
5
6
6
8
6
11
6
8
7
8
2033
6
6
6
7
7
6
7
9
7
7
7
7
8
6
6
8
7
6
7
7
9
8
8
9
6
8
8
8
6
67
925
7
7
7
7
7
6
7
7
6
7
7
61
6
7
10
7
6
11
6
6
7
6
7
6
6
9
6
8
7
6
7
6
6
6
3
6
6
15
7
7
6
7
7
7
8
6
6
6
10
7
7
6
6
8
7
8
6
266
7
6
3514
6
7
8
7
6
7
7
6
6
6
8
7
6
29
6
6
6
6
6
14
6
6
6
6
6
48
6
7
6
6
2430
7
6
7
7
29
54
7
9
7
7
7
6
3
6
6
7
5
7
7
7
7
7
7
8
9
8
6
7
6
7
1343
18
6
6
9
6
8
6
7
6
19
6
13
6
6
2
6
6
6
6
30
6
6
6
6
6
6
1
6
6
6
236
6
8
7
6
6
7
6
24
8
6
73
6
6
7
7
7
7
6
6
7
7
6
6
6
6
7
6
7
6
6
4
6
6
3
2
6
6
8
2
6
6
8
2
6
6
6
8
6
6
6
6
6
6
7
6
7
7
6
8
6
2930
10
3
6
7
10
3
6
8
6
6
11
7
24
4
3
3
6
7
6
7
7
6
13
15
1
6
6
10
6
7
1874
22
6
6
6
6
7
6
6
6
6
6
6
6
6
8
7
6
6
64
9
6
8
6
54
6
6
6
12
6
6
812
6
6
7
6
40
6
6
7
8
6
7
66
1
8
7
6
6
7
9
6
6
15
6
7
7
6
6
7
6
6
6
6
6
6
6
6
6
6
9
7
6
6
6
8
6
2
7
8
65
6
7
6
6
6
7
3
8
6
6
6
6
12
7
6
6
8
8
11
8
7
6
6
6
7
6
6
6
6
66
6
6
11
6
6
6
7
7
2
6
6
6
2349
6
6
6
6
6
6
10
8
7
6
7
7
6
6
6
58
8
6
6
7
7
9
7
8
6
7
7
7
6
6
1283
12
6
6
7
6
12
6
7
6
6
7
6
65
8
6
6
7
7
8
6
7
9
6
6
6
6
65
6
6
6
179
8
7
6
65
7
6
6
7
6
6
7
6
7
6
6
6
18
8
6
9
1
6
6
6
6
7
6
6
7
7
8
6
6
6
7
6
8
6
6
8
6
7
6
7
6
6
6
4
6
7
7
27
6
6
6
6
6
8
3
6
3033
3
6
6
6
6
7
6
6
6
7
6
6
6
6
7
7
8
6
9
5
6
6
65
7
6
6
7
34
6
6
1816
6
6
6
6
6
6
6
6
8
8
6
3
7
7
6
7
7
6
6
6
6
7
7
7
6
6
6
7
7
6
695
6
6
7
8
7
8
6
5
6
6
7
7
6
5
6
6
7
6
7
10
6
6
6
7
6
8
6
6
33
6
7
6
6
7
7
7
6
6
8
6
2
7
7
7
7
3
6
6
6
6
6
6
7
7
7
7
7
6
8
7
3537
6
6
7
7
6
6
6
6
7
10
6
6
6
6
7
6
6
6
121
7
6
10
6
2
21
8
6
7
7
6
2454
7
6
9
7
6
6
6
6
6
7
6
7
6
6
65
6
6
6
6
7
6
7
6
6
6
6
6
7
5
7
1225
7
38
7
7
8
7
6
7
7
7
7
6
8
6
9
9
7
7
7
7
7
7
6
6
7
7
6
7
7
6
146
8
6
6
6
6
6
6
6
6
7
6
6
8
6
6
6
6
6
6
6
6
6
7
6
6
6
7
6
7
6
6
8
6
6
6
7
7
6
6
7
7
6
9
6
8
7
6
6
7
7
7
6
12
8
7
7
5
6
10
6
6
6
6
7
6
6
6
6
6
6
6
6
5
6
6
6
6
6
6
6
3
6
6
7
8
6
165
6
10
9
10
1931
6
66
8
6
7
37
7
7
7
6
8
7
8
6
7
8
6
6
7
7
7
43
6
7
6
6
6
15
6
6
848
10
6
7
6
6
6
7
6
7
6
6
6
6
6
6
39
6
6
6
6
7
6
7
6
6
6
8
2
6
6
44
6
6
7
6
8
8
6
6
3
6
6
6
6
6
6
7
7
6
7
6
7
7
8
7
7
6
6
7
6
3516
6
6
7
7
6
6
10
6
6
6
6
8
77
6
6
7
6
6
6
6
6
6
6
7
6
11
10
6
6
7
2413
6
7
8
7
7
8
6
7
6
6
8
7
7
7
72
7
8
7
7
8
7
11
7
8
7
6
7
7
8
7
1354
7
30
7
7
6
7
8
6
7
6
33
6
7
7
6
6
7
6
6
6
6
6
6
6
69
8
6
51
8
7
10
9
7
8
7
6
7
7
7
2
6
66
44
8
9
8
9
66
6
8
8
7
9
7
23
6
8
6
7
7
6
6
6
6
8
6
7
6
6
6
7
6
6
8
6
7
7
6
6
6
8
32
14
6
6
9
23
6
7
6
6
2903
6
8
6
6
7
6
7
6
6
6
6
7
24
6
7
11
7
7
6
6
7
6
8
6
6
3
7
7
6
8
1965
7
7
7
6
6
10
68
8
7
6
6
7
6
6
6
127
6
6
6
65
48
7
6
6
6
6
9
7
7
6
7
9
6
6
6
6
82
8
1
6
6
7
6
6
7
6
7
16
7
11
8
6
9
8
6
6
6
6
6
6
5
8
7
7
6
44
6
7
7
6
6
7
6
6
9
4
8
6
9
7
10
6
7
8
6
6
7
6
11
7
6
3491
6
7
7
7
8
7
6
7
9
70
7
7
9
12
6
6
7
7
7
8
5
8
23
7
6
12
6
7
6
7
2463
6
6
6
7
7
7
6
7
3
6
6
7
7
7
10
7
6
6
42
7
10
7
6
6
7
12
6
6
7
7
1427
6
8
7
6
26
6
7
7
7
7
8
7
7
6
7
6
6
11
10
7
7
7
7
7
66
7
12
7
6
7
343
6
6
6
6
7
7
6
6
7
7
7
6
18
6
6
8
6
7
11
7
6
6
6
6
39
6
7
165
6
6
6
14
6
4
8
16
7
7
6
7
7
10
9
7
7
6
7
6
6
8
13
6
7
8
6
6
1
7
13
8
3050
2
6
6
6
7
6
6
6
5
7
6
9
6
8
7
6
7
6
5
6
6
6
7
6
6
6
7
6
1
8
2012
7
6
9
6
6
7
7
6
7
7
7
7
11
7
7
7
6
6
7
7
6
7
9
7
7
7
9
7
7
9
933
66
18
6
6
7
7
6
6
6
20
7
7
6
6
6
6
16
6
6
6
65
6
19
6
7
9
4
6
6
6
66
2
7
6
6
6
8
10
6
6
9
7
7
6
7
6
6
8
8
8
6
6
9
10
2
6
6
7
6
7
6
6
8
8
7
6
6
6
13
7
6
6
2
6
6
11
6
6
6
6
6
6
8
6
6
57
6
6
6
13
2
2546
12
6
10
7
6
7
7
6
7
6
7
6
7
9
36
15
6
7
7
6
6
7
7
8
6
3
7
8
7
7
1486
7
6
6
6
6
6
4
6
7
7
6
9
7
6
6
6
6
8
6
6
6
6
6
6
6
6
6
6
6
7
1468
8
7
7
7
6
3
7
6
6
6
8
6
6
7
7
7
7
8
9
6
7
10
7
6
8
6
6
11
11
9
13
6
8
8
6
6
5
6
6
7
79
6
9
6
6
6
6
6
7
8
6
7
3
6
7
6
6
27
7
6
3354
6
7
8
7
7
7
7
7
10
65
6
7
35
7
6
6
6
6
6
7
6
7
7
7
7
26
7
7
14
6
2280
7
6
7
3
6
8
6
8
6
6
7
6
6
6
6
6
7
7
6
6
6
9
6
6
6
6
6
6
7
6
901057
6
7
7
7
7
7
7
7
8
7
6
7
8
7
7
19
6
6
6
7
12
6
6
7
7
6
7
7
9
9
21
6
38
6
7
7
6
9
4
9
9
6
1
6
7
7
6
6
6
6
7
6
6
7
6
6
8
8
7
6
6
7
7
9
7
6
7
7
8
67
8
6
65
7
6
170
6
7
6
7
7
7
6
6
7
6
9
7
6
6
6
2889
6
11
6
6
7
6
10
13
6
9
6
6
6
8
9
6
166
6
14
6
6
9
7
6
5
116
7
7
10
6
6
6
6
6
7
8
7
6
6
6
6
6
7
7
8
6
6
57
6
6
6
6
6
8
6
6
6
6
6
6
6
642
6
8
6
6
7
6
6
7
8
6
7
7
6
6
6
7
7
6
10
7
7
7
6
8
8
10
7
7
7
7
56
66
6
7
7
6
7
7
9
7
66
7
7
7
10
8
6
14
12
10
13
8
7
8
68
6
6
6
7
6
3477
7
6
6
7
7
6
7
7
7
7
7
6
6
6
67
6
7
6
6
6
6
7
6
6
7
6
5
7
6
5
2435
18
8
7
7
6
7
7
7
7
10
6
6
7
8
7
6
7
6
6
7
9
8
7
7
8
6
36
7
9
8
1390
7
6
6
6
6
6
6
6
6
6
6
6
6
6
66
7
2
6
6
6
7
42
6
6
6
6
6
6
5
3
161
6
7
7
7
56
7
8
8
7
7
6
7
7
8
7
6
7
7
8
7
4
6
8
8
7
7
7
6
8
7
7
7
10
7
6
6
6
6
6
7
6
6
7
65
10
6
7
6
6
6
7
6
8
6
6
6
7
7
6
6
3000
6
6
6
7
6
7
2
7
7
8
6
6
6
7
7
6
13
6
7
6
6
6
7
6
7
6
9
7
9
7
901928
6
6
7
6
6
7
6
6
6
3
6
8
6
6
6
6
6
6
6
5
6
5
6
3
6
6
7
8
6
6
883
6
7
6
6
7
7
8
7
7
12
6
7
6
6
7
7
7
7
8
7
7
7
6
7
7
7
7
6
7
7
47
6
6
6
6
7
6
6
6
6
6
7
6
5
6
2
6
64
6
6
6
6
6
6
5
6
6
7
6
7
3567
6
6
7
5
6
8
6
6
7
6
6
7
7
8
7
7
6
10
7
6
6
7
6
6
6
6
6
6
8
8
2480
6
6
6
6
6
6
7
6
7
7
1
6
7
6
7
6
6
7
22
137
6
6
6
6
6
6
7
6
6
6
1421
8
7
9
1
6
7
17
7
8
7
7
6
9
7
4
6
7
7
6
6
7
6
7
6
6
6
7
6
6
6
323
6
7
3
7
6
6
6
6
6
6
6
6
6
6
6
6
6
6
6
6
7
6
6
6
7
6
6
64
6
6
6
7
6
11
9
8
8
9
6
6
8
6
6
6
6
7
60
6
7
7
6
6
7
6
7
13
6
6
7
7
3022
6
6
10
6
6
6
25
6
6
7
6
10
8
6
6
6
2
6
28
7
6
6
6
7
6
6
10
6
7
6
1957
6
6
7
6
6
7
10
2
7
6
6
7
7
6
6
6
6
7
8
8
7
27
6
7
6
8
6
7
3
7
898
6
7
6
6
9
7
6
6
6
7
7
6
6
7
8
6
6
6
7
6
6
6
6
22
6
6
6
6
6
7
8
1
7
7
6
6
7
7
6
6
7
6
6
6
7
6
6
7
7
6
7
7
6
7
7
7
7
3
6
7
31
8
6
6
6
6
6
6
6
6
8
6
6
7
7
6
8
6
7
6
6
7
6
7
8
7
6
7
6
6
2
902471
7
7
7
6
6
7
6
8
6
6
6
7
7
6
8
7
6
6
7
7
6
8
9
7
9
7
6
7
8
6
1412
6
7
6
6
6
6
7
6
6
6
9
6
6
6
6
6
7
22
6
6
7
6
4
6
6
8
6
9
6
6
381
6
6
7
7
6
7
65
6
23
6
8
6
7
7
6
6
6
6
6
7
6
7
6
6
6
7
7
6
6
6
6
6
6
7
6
5
6
6
6
6
6
6
18
6
6
2
6
9
6
8
6
2
7
6
6
6
6
6
6
6
3200
4
6
6
6
7
7
11
6
6
6
6
13
7
6
8
6
6
6
7
6
6
6
7
6
6
3
6
7
7
33
1917
8
6
6
6
14
6
15
9
25
6
6
6
6
6
7
6
6
6
6
6
6
6
9
6
8
8
6
6
6
7
1871
6
6
6
6
7
6
6
7
7
6
6
6
6
7
7
7
7
6
6
6
7
7
8
7
6
7
7
8
7
7
7
9
6
6
6
6
6
6
7
6
6
14
6
6
6
6
6
6
7
6
6
6
6
6
5
6
6
10
6
7
6
65
7
6
6
6
6
5
7
6
25
6
6
8
6
6
6
8
6
18
7
6
5
9
6
6
6
6
6
6
6
2641
6
6
6
6
6
7
7
6
7
8
7
6
8
6
7
8
7
8
7
7
7
7
7
6
7
13
7
7
7
5
1406
7
6
5
8
6
7
6
6
6
6
46
6
7
10
10
6
6
7
6
6
7
64
6
6
8
6
6
6
13
8
345
6
6
7
8
7
10
7
12
7
7
24
7
6
7
7
6
6
6
7
17
6
7
9
8
9
7
9
7
7
6
6
69
6
9
6
6
6
11
6
6
6
7
6
6
6
6
6
6
6
6
6
50
7
6
7
6
6
6
6
6
903196
6
7
7
7
7
6
6
7
6
6
6
3
6
6
7
7
6
6
26
6
6
6
7
7
6
6
3
7
6
7
2124
6
9
9
6
6
6
6
6
6
3
6
6
6
5
6
6
1
7
8
44
6
6
6
6
7
9
6
6
6
6
868
7
7
6
8
7
6
14
7
7
7
6
7
14
7
48
7
7
6
6
6
6
7
7
6
6
10
6
6
8
57
6
6
8
16
7
65
7
7
7
65
7
8
6
6
6
7
9
6
6
7
7
6
6
7
6
7
9
6
6
7
6
8
7
6
6
7
6
6
7
6
6
11
6
6
6
6
6
6
7
6
6
7
8
7
6
10
7
7
9
6
6
2688
6
7
6
6
6
6
6
7
6
6
6
9
6
6
7
6
8
6
6
6
7
6
6
7
7
7
6
7
6
65
1655
8
6
7
6
6
6
6
6
7
6
7
6
7
7
7
7
7
7
50
7
7
7
9
32
6
6
6
6
6
7
390
8
6
6
7
6
6
2
6
16
9
6
6
6
6
6
6
9
6
6
6
30
7
6
6
6
8
6
1
6
6
7
9
7
6
7
7
6
6
7
6
6
9
6
7
7
6
6
7
7
7
6
6
7
9
8
6
7
8
6
65
3288
6
6
9
6
6
6
6
6
5
6
6
6
6
6
8
6
6
7
6
8
6
6
6
8
6
6
6
6
6
6
2270
6
6
7
9
7
9
6
7
7
6
6
6
6
7
7
7
7
7
6
7
39
8
8
6
23
7
7
8
7
8
1156
6
6
7
6
7
6
6
7
6
6
6
6
16
7
6
7
6
6
6
6
6
7
7
7
6
9
6
6
6
8
6
6
8
6
4
6
7
6
7
6
6
6
6
6
9
6
6
7
2
6
6
6
6
6
6
7
5
7
7
6
7
6
7
7
6
7
6
6
7
7
6
7
7
7
8
7
13
6
6
7
7
7
7
7
6
9
7
7
7
7
8
2748
6
7
6
7
6
7
6
6
6
6
6
6
6
6
65
6
8
6
6
6
1
6
6
5
25
6
6
6
6
6
1687
6
7
6
11
6
7
6
6
6
7
7
6
7
1
6
6
6
6
6
7
7
7
7
12
7
8
6
6
7
6
609
6
6
6
7
6
7
6
6
6
6
7
7
6
7
6
6
6
6
6
7
6
6
6
6
6
6
6
6
6
6
6
7
7
25
7
6
7
6
35
6
6
7
6
6
6
6
7
6
6
6
6
60
7
6
7
6
9
6
7
7
3294
6
6
7
6
7
6
6
6
6
19
6
3
6
6
6
6
6
6
7
2
6
6
6
10
7
7
6
6
6
7
2229
9
6
7
6
6
7
12
7
7
6
6
7
7
7
6
6
6
6
10
6
7
8
6
6
7
7
9
6
5
7
1161
6
6
6
6
6
6
6
6
6
67
6
6
6
6
6
36
6
7
6
6
6
6
6
6
6
6
53
7
6
7
74
7
6
6
6
32
6
6
6
8
9
6
23
7
8
6
8
6
6
9
6
7
10
7
7
7
8
6
6
6
6
66
6
6
6
6
6
6
6
7
8
7
6
6
7
6
6
8
9
6
6
6
6
6
9
8
6
6
64
10
7
2727
6
6
6
4
6
8
6
7
37
7
8
6
6
6
6
7
7
7
6
6
7
7
6
6
7
6
6
7
6
6
1651
8
6
6
6
9
6
6
6
6
6
7
6
9
6
6
1
6
6
6
7
6
6
65
6
7
6
8
7
7
6
559
6
6
6
10
7
7
6
6
7
7
3
6
7
6
6
66
6
7
6
7
6
8
6
6
7
8
6
6
8
6
6
6
6
7
6
6
6
7
11
6
6
7
6
6
6
6
66
6
4
6
7
8
6
6
6
6
6
6
6
6
3346
6
14
7
6
20
7
7
6
6
6
10
8
6
6
7
7
7
10
8
10
6
7
6
7
6
7
6
6
6
6
2105
6
6
6
6
7
65
7
6
6
6
6
6
6
6
6
6
7
1
6
6
6
6
7
6
6
6
6
6
6
6
984
6
6
6
7
6
6
6
6
6
6
6
6
6
9
7
6
6
6
9
8
6
10
6
6
6
7
7
6
6
10
7
7
6
8
7
64
6
6
2
1
6
6
6
65
6
6
6
7
6
6
3
6
66
6
6
6
6
9
6
7
6
18
6
6
6
7
6
6
7
7
146
6
6
16
8
7
7
7
6
6
8
7
6
7
7
7
6
10
7
6
7
2713
6
7
6
6
6
6
6
6
7
6
6
9
6
8
7
6
6
6
6
6
10
6
6
8
6
6
6
6
3
6
1409
7
6
6
6
7
6
6
6
7
7
7
6
6
6
4
6
7
8
7
7
7
6
6
6
6
8
7
6
7
7
307
8
6
6
6
3
7
6
6
6
7
6
11
6
6
6
6
6
6
7
47
6
6
36
6
5
6
6
7
7
7
6
6
266
8
6
7
7
7
6
6
7
7
6
6
41
6
6
6
8
7
3
7
6
7
7
7
6
7
6
9
3131
10
8
6
6
6
6
6
7
7
7
7
7
6
6
6
7
6
6
6
6
8
8
7
7
6
7
6
6
21
5
47
6
8
12
9
133
9
9
10
7
9
6
6
7
6
6
6
7
6
6
9
7
6
6
7
6
6
8
6
6
9
7
65
7
7
6
6
6
6
6
6
6
7
6
6
6
6
6
6
7
6
6
18
6
6
6
6
6
5
8
6
7
6
7
6
6
6
7
6
61
7
8
6
6
9
6
7
7
7
7
17
6
8
6
65
7
6
6
6
10
6
7
9
7
5
7
5
8
6
6
6
7
6
6
6
6
65
66
6
7
6
7
6
6
6
6
31
15
41
8
6
7
7
2481
6
9
8
6
6
6
7
8
11
6
9
6
7
7
7
6
7
3
16
7
8
6
6
7
6
8
7
6
7
7
1391
6
6
5
6
7
6
6
6
3
6
6
6
7
73
16
6
6
4
7
6
5
6
6
8
6
6
6
6
6
6
281
6
6
6
6
7
6
7
6
7
41
7
19
8
6
6
7
14
19
7
9
7
7
6
7
6
10
7
6
6
7
6
6
2
6
6
6
17
7
7
6
7
11
6
8
7
6
7
6
6
6
6
7
6
6
6
6
6
6
6
4
2901
65
7
6
7
7
6
4
36
7
7
7
7
6
6
7
7
6
8
20
7
6
6
6
6
7
7
6
7
7
6
1800
12
6
6
6
7
6
6
6
6
6
6
6
10
7
6
6
7
6
6
6
6
6
2
6
6
6
6
6
6
6
740
6
6
7
6
7
10
7
6
7
6
7
7
6
7
6
6
6
7
6
8
7
7
6
6
7
6
6
9
7
6
19
7
6
6
7
6
7
6
6
6
6
6
6
8
7
6
6
6
6
6
6
6
6
6
6
6
6
6
3
7
3495
12
6
7
7
7
6
8
7
6
6
7
6
4
6
8
6
10
7
5
7
48
7
6
7
7
9
6
8
9
9
2435
7
6
6
6
7
6
8
6
6
172
6
6
7
10
6
6
6
7
6
8
1
6
7
6
6
6
9
6
6
53
1318
7
7
6
7
6
8
4
7
7
7
6
6
8
7
9
6
6
8
165
7
7
6
6
8
6
9
68
6
9
7
210
6
6
6
6
7
6
6
6
6
6
7
6
6
6
6
55
7
6
7
7
7
9
6
7
47
6
6
7
7
6
6
6
6
7
6
6
7
8
6
6
7
6
7
6
7
7
7
6
8
7
7
6
8
6
7
9
8
7
7
8
2828
7
6
6
6
6
6
5
6
6
6
5
7
6
6
7
6
7
6
6
9
9
6
7
6
7
8
6
6
6
6
1731
6
7
7
6
6
6
7
6
6
7
6
6
6
7
7
7
10
7
7
10
7
9
7
7
7
7
7
8
7
1
698
6
6
14
6
44
167
6
6
7
7
7
8
7
6
13
5
9
6
6
6
6
6
6
6
9
6
6
7
7
7
47
6
9
6
8
7
7
7
7
6
7
7
7
6
7
11
6
7
13
8
6
6
6
7
7
6
6
10
6
8
3432
6
6
6
6
5
6
4
6
6
7
6
7
6
6
54
6
6
6
6
6
6
6
6
6
7
6
8
8
6
7
2179
6
7
8
7
65
7
7
6
6
4
7
6
7
7
6
6
6
6
12
6
7
7
6
7
6
7
6
7
7
9
1080
6
6
7
6
64
6
6
6
6
6
6
6
6
6
6
6
6
6
7
6
7
6
7
6
7
6
6
6
6
6
7
6
6
9
7
6
7
6
10
10
7
6
10
7
7
7
6
6
6
8
7
7
6
4
6
10
7
6
6
6
7
6
7
6
6
6
6
6
6
6
7
6
6
6
6
6
4
6
6
6
6
6
10
9
6
7
6
6
7
6
6
2826
8
6
7
6
6
9
7
7
7
7
166
6
37
8
6
7
7
6
7
5
6
6
6
5
19
6
12
7
7
7
1747
8
7
7
6
6
7
4
6
6
6
6
7
6
6
6
6
7
6
6
6
7
7
8
6
6
23
33
6
6
7
450
6
6
6
7
7
7
6
7
6
9
7
6
7
7
7
7
6
6
8
11
6
6
7
7
7
6
6
6
7
7
6
8
3
6
6
6
6
6
7
6
7
6
7
6
6
7
6
6
6
6
7
6
8
6
6
6
6
6
6
7
3285
6
6
6
7
8
8
7
8
12
7
6
1
6
6
3
7
7
6
7
35
8
7
6
6
6
6
7
7
6
7
2196
7
6
6
6
6
8
6
6
6
6
7
8
6
7
6
7
6
166
6
6
6
7
6
6
10
6
8
6
6
6
2132
6
7
7
8
9
6
7
7
6
6
6
7
7
7
7
7
7
6
6
6
6
7
6
6
7
7
7
7
7
7
6
6
7
6
6
6
72
6
6
6
6
6
7
3
11
6
13
6
6
7
7
8
6
6
4
6
6
6
1
40
6
6
7
7
6
14
6
7
6
8
6
8
6
8
7
8
6
6
6
6
7
6
8
7
6
6
6
6
6
6
6
2671
6
6
6
6
6
6
6
6
6
9
7
6
6
6
6
7
6
6
6
7
7
6
6
6
6
6
6
6
7
7
1582
7
8
7
6
7
6
7
6
6
6
6
6
6
7
7
7
6
6
7
6
7
6
7
7
10
7
3
6
7
6
510
6
6
6
6
5
6
6
6
6
7
7
6
7
6
6
6
6
6
7
100
6
4
9
8
7
7
6
7
7
6
6
7
7
7
6
6
6
6
6
6
8
6
7
7
9
7
7
7
7
8
7
7
6
7
6
6
6
7
5
6
3138
13
6
6
6
6
6
4
6
6
6
6
6
8
6
6
6
7
6
6
6
6
8
6
9
6
6
7
6
6
6
2044
6
464
8
6
6
7
7
7
6
6
8
7
7
8
6
9
7
7
6
7
8
6
7
9
6
6
6
6
7
6
954
7
6
6
6
6
6
28
6
6
6
13
3
6
13
6
6
8
6
6
6
6
6
6
6
6
6
6
6
6
6
11
6
6
6
7
7
6
6
7
7
7
5
6
7
7
6
7
9
8
6
7
7
7
6
7
6
6
6
7
6
6
7
12
6
6
6
8
7
7
7
6
6
6
6
6
6
6
2
6
7
6
6
6
6
6
6
6
7
7
6
10
2564
6
6
27
12
9
6
7
65
21
8
40
7
7
6
7
12
6
7
6
11
6
7
7
7
6
7
6
6
7
7
1438
7
7
6
6
8
6
5
6
6
7
6
6
7
6
7
6
6
6
6
6
6
6
6
6
7
6
6
6
6
6
328
7
6
6
6
6
5
6
7
6
6
6
6
7
8
153
7
6
7
6
7
11
6
6
6
6
6
6
6
6
6
6
6
6
7
6
6
7
6
6
8
6
6
6
6
7
36
6
6
6
6
10
6
5
6
6
6
6
11
6
6
3041
6
6
6
9
6
7
6
6
8
6
9
11
7
30
7
7
9
6
6
7
7
7
6
7
7
7
8
7
6
7
1937
6
6
6
6
8
6
7
8
6
6
6
6
6
6
6
7
7
6
6
7
7
6
6
89
6
7
7
6
6
7
894
7
6
8
9
7
7
8
8
7
13
4
7
7
7
11
6
7
16
7
6
10
6
10
7
9
7
7
7
8
7
6
6
6
6
25
6
6
6
6
6
6
6
7
6
6
6
7
3
3
6
6
6
6
115
9
6
6
7
6
6
6
6
11
7
16
7
55
8
11
7
14
7
8
6
66
15
7
7
6
8
7
6
6
8
6
59
7
6
21
7
6
2728
6
6
6
6
6
8
6
3
11
6
6
6
6
6
6
6
7
6
11
6
6
6
7
6
6
7
6
6
9
6
1428
1
6
7
7
6
7
6
7
6
6
7
6
6
7
7
7
6
6
6
6
6
6
26
66
7
7
7
6
9
7
357
6
6
6
6
6
6
6
6
6
7
6
6
6
6
6
6
7
8
6
7
84
11
6
6
6
6
8
7
6
6
6
6
9
6
6
6
7
7
7
8
7
10
7
7
10
6
7
7
6
6
9
6
8
8
6
6
7
6
6
7
3206
4
6
6
6
6
41
6
7
6
6
6
6
6
7
7
6
6
6
7
9
6
6
6
6
6
6
6
6
6
6
3167
7
8
7
7
5
7
6
6
6
7
6
6
7
6
6
6
7
6
7
6
6
6
7
6
7
7
6
7
6
9
870
6
1
6
6
6
6
7
6
6
8
6
6
7
8
11
6
6
7
6
5
6
7
6
7
6
6
6
6
6
6
6
6
8
7
6
7
6
7
6
6
7
7
6
7
6
6
7
65
2
6
10
7
6
7
6
7
6
6
7
7
7
7
6
6
6
6
7
6
6
7
7
6
6
6
4
6
6
6
6
6
6
9
6
6
7
7
6
6
85
6
10
2599
6
8
7
6
9
7
6
8
6
6
7
7
900553
6
6
6
6
6
7
9
6
6
6
7
7
7
7
10
7
6
1561
6
7
6
6
6
6
6
82
6
6
6
11
6
8
6
7
7
6
6
6
6
6
7
6
6
6
6
7
6
6
301
6
7
8
6
6
7
6
6
7
51
7
6
14
6
6
6
6
6
8
7
8
7
7
7
7
7
7
12
6
11
6
6
6
6
6
7
7
7
6
6
6
6
6
6
6
12
9
7
6
9
8
6
7
9
7
7
6
7
6
6
3163
7
6
7
6
6
7
6
7
7
8
9
7
7
6
7
6
7
7
7
7
7
7
6
7
7
7
10
6
7
7
3173
9
7
6
6
6
8
7
7
6
7
7
7
6
7
7
6
6
7
1
6
6
6
6
6
6
6
6
6
6
9
1006
6
6
9
7
6
6
7
9
6
7
6
6
11
7
40
7
6
6
7
6
6
69
11
7
6
6
6
7
6
6
7
6
8
6
6
7
6
6
6
7
6
9
30
6
6
2
7
6
6
8
6
6
6
6
8
34
6
6
6
6
3
12
7
6
6
6
7
7
24
7
7
7
6
6
6
7
7
7
6
6
6
7
7
7
6
7
6
6
6
9
6
2661
30
6
7
6
6
6
6
6
6
6
7
8
6
6
6
6
5
6
6
6
7
7
11
6
6
6
6
6
6
8
1641
8
11
6
7
7
6
8
7
6
7
7
6
6
7
7
7
6
3
7
6
7
7
6
6
9
7
9
7
6
6
537
6
6
6
7
6
6
6
7
6
6
6
6
7
6
6
6
6
6
7
6
6
6
6
6
6
6
6
6
6
6
9
6
6
9
7
7
6
65
7
7
6
7
14
6
7
7
7
6
7
7
8
6
7
7
6
6
7
7
7
7
3232
6
6
6
6
6
8
6
7
8
6
2
6
6
6
66
6
7
6
7
6
6
6
6
7
7
6
6
7
7
6
2164
10
6
8
6
7
13
13
7
6
6
7
7
6
7
6
7
7
7
13
6
6
6
13
7
25
6
6
6
6
7
1092
6
6
6
6
6
6
22
6
6
7
6
6
6
10
6
8
6
6
6
7
6
6
6
6
6
6
7
6
6
6
45
6
6
7
6
8
7
7
6
6
6
7
7
6
6
6
8
9
6
7
6
7
7
7
6
6
6
6
8
7
10
48
4
6
6
6
7
4
6
6
6
9
12
6
6
6
5
6
6
6
7
6
7
6
6
6
6
6
6
6
6
2743
6
6
6
7
6
7
3
6
7
9
7
6
7
8
7
7
6
7
8
6
6
6
6
7
6
6
8
7
6
7
1679
6
6
6
6
6
7
6
7
7
6
27
6
6
8
6
6
6
6
6
6
6
7
6
6
6
6
6
3
7
6
630
24
3
6
3
4
6
7
6
3
3
6
6
6
7
7
7
6
6
6
7
6
7
6
7
65
7
6
6
10
6
7
8
6
6
8
12
9
6
6
6
6
6
6
7
6
7
6
6
6
6
7
7
7
13
7
6
6
7
7
7
3492
8
6
6
6
7
7
7
7
6
7
6
7
9
9
65
7
7
6
6
7
7
7
6
7
7
6
6
6
6
6
2229
10
7
6
6
6
7
12
7
6
7
8
6
3
6
6
3
6
6
6
6
6
7
7
6
6
6
33
6
6
7
1159
8
6
6
6
6
7
7
9
6
6
9
6
6
7
6
7
7
7
7
6
7
7
7
6
6
6
6
6
7
7
72
5
6
6
6
6
6
6
6
9
6
3
2
6
6
6
6
6
6
7
6
6
6
6
6
7
6
6
6
6
6
7
6
7
7
6
6
6
7
7
6
6
7
6
8
7
10
65
125
7
6
7
7
23
2
6
6
6
7
6
6
2888
7
6
6
8
6
6
6
6
6
16
6
7
6
6
6
6
2
6
6
8
6
6
6
16
7
6
6
6
6
7
1614
8
6
6
7
6
8
7
9
6
6
6
6
6
6
6
28
6
6
6
6
6
6
6
6
6
7
1
8
6
1870
6
6
6
6
65
8
6
6
6
6
6
6
6
2
6
6
6
7
6
6
6
6
6
46
37
7
6
6
6
1251
6
10
6
56
6
10
7
6
6
8
6
6
6
7
24
6
65
7
6
6
7
6
7
6
6
7
6
7
7
1387
6
6
6
107
6
6
6
6
16
6
6
7
6
6
6
6
6
6
6
6
5
6
6
9
6
6
6
6
6
2236
6
7
6
7
6
6
6
6
6
7
7
6
6
7
6
6
7
6
7
7
6
65
6
7
7
9
6
6
12
3379
6
8
3
6
33
6
11
6
6
6
6
6
6
6
6
6
6
6
7
6
8
6
6
6
7
6
7
7
6
6
244
6
6
6
7
6
9
6
7
6
6
6
9
7
9
7
6
6
6
6
6
7
6
6
6
6
6
8
6
8
902472
6
6
8
6
6
6
6
6
6
6
6
6
6
6
7
6
6
60
1
7
6
6
6
6
6
6
9
6
7
6
6
7
6
6
6
6
6
7
6
7
6
6
6
7
6
6
7
8
7
7
6
6
6
6
6
6
7
8
7
6
2741
6
6
6
6
6
6
6
7
6
6
7
6
6
6
7
6
5
7
6
9
6
6
6
7
7
3
8
10
8
6
442
6
6
6
6
7
6
6
7
6
7
10
6
6
6
6
7
6
8
7
12
6
7
7
6
5
7
8
7
6
3525
6
6
6
6
8
6
6
7
7
6
6
8
6
6
7
19
6
6
9
6
6
6
6
6
6
6
7
8
6
6
1761
8
12
7
7
7
7
6
6
6
6
65
8
6
7
9
6
6
7
7
6
6
9
4
6
6
6
7
7
6
7
1121
6
6
6
7
6
6
6
7
7
23
5
6
6
6
6
8
6
6
6
6
6
6
7
6
6
12
6
6
6
3540
59
6
7
6
6
7
11
6
13
7
9
6
6
7
6
6
7
6
7
38
6
8
6
6
7
7
6
6
7
7
2063
6
29
6
6
6
6
6
6
7
6
6
6
6
7
8
6
6
7
7
6
6
6
48
6
7
7
6
6
64
6
466
7
6
10
72
6
38
7
7
7
7
9
7
7
6
7
6
7
7
6
24
7
7
9
6
6
8
9
6
7
6
7
2
6
6
6
6
6
6
6
7
1
9
6
6
6
7
6
6
6
7
7
5
6
6
6
6
6
6
6
6
2739
6
7
6
7
6
6
6
6
8
6
6
6
6
6
7
6
6
6
6
21
6
65
7
6
6
6
7
6
2
6
1422
6
6
6
6
6
6
6
8
6
6
6
6
8
6
6
6
6
6
5
6
7
6
6
6
6
6
1
6
6
6
139
6
8
6
6
6
6
6
7
6
6
7
8
6
6
9
8
6
6
7
7
7
7
7
7
7
11
6
3
6
6
4
6
6
6
6
6
6
6
6
6
6
6
6
6
