20.045200
20.076464
20.095160
20.065817
20.036619
20.022077
20.007573
19.993107
19.949935
19.935618
19.921339
19.907097
19.892892
19.878723
19.864591
19.850495
19.836435
19.822412
19.794473
19.752832
19.725248
19.711508
19.697804
19.684134
19.670499
19.656899
19.643333
19.616303
19.602839
19.589409
19.576013
19.562651
19.549322
19.536026
19.509535
19.496339
19.483175
19.456947
19.443882
19.443882
19.430849
19.417848
19.404880
19.404880
19.391944
19.379039
19.366167
19.366167
19.353326
19.340516
19.340516
19.327739
19.302277
19.302277
19.289593
19.276940
19.264318
19.251726
19.239166
19.226636
19.226636
19.214136
19.201667
19.201667
19.189228
19.176819
19.164441
19.152092
19.139773
19.139773
19.127484
19.115224
19.115224
19.102994
19.090793
19.078622
19.066479
19.066479
19.054366
19.030227
19.018200
19.006203
18.994233
18.982293
18.970380
18.958496
18.958496
18.946640
18.934813
18.934813
18.934813
18.923013
18.911241
18.899497
18.887780
18.876092
18.864430
18.852796
18.841190
18.829610
18.818058
18.806533
18.795035
18.783563
18.772119
18.760701
18.760701
18.749309
18.737944
18.726606
18.726606
18.715293
18.715293
18.704007
18.692747
18.692747
18.681514
18.670306
18.670306
18.659123
18.659123
18.647967
18.636836
18.636836
18.625731
18.614652
18.603598
18.603598
18.592569
18.581565
18.581565
18.570587
18.559633
18.559633
18.548705
18.548705
18.537802
18.526923
18.526923
18.516069
18.505240
18.494435
18.494435
18.483655
18.472899
18.462168
18.451461
18.440778
18.430119
18.419484
18.408873
18.398286
18.398286
18.387722
18.387722
18.377183
18.377183
18.366667
18.356174
18.356174
18.345705
18.335259
18.335259
18.335259
18.324837
18.324837
18.314438
18.314438
18.304062
18.293709
18.293709
18.283379
18.273072
18.273072
18.262788
18.252526
18.242288
18.242288
18.232072
18.221878
18.211707
18.211707
18.201558
18.201558
18.191432
18.181328
18.171246
18.171246
18.161186
18.161186
18.151149
18.141133
18.141133
18.131139
18.121167
18.121167
18.111217
18.101288
18.091381
18.091381
18.081496
18.081496
18.071632
18.061790
18.061790
18.051968
18.042169
18.042169
18.032390
18.032390
18.022632
18.012896
18.012896
18.003180
18.003180
17.993486
17.993486
17.983812
17.983812
17.974160
17.974160
17.964527
17.954916
17.954916
17.945325
17.945325
17.935755
17.926205
17.926205
17.916676
17.916676
17.907167
17.907167
17.897678
17.897678
17.888210
17.888210
17.878761
17.869333
17.859925
17.859925
17.850537
17.850537
17.841168
17.831820
17.831820
17.822491
17.822491
17.813182
17.803893
17.803893
17.794623
17.785373
17.785373
17.776142
17.766931
17.766931
17.757739
17.757739
17.748567
17.748567
17.739413
17.739413
17.730279
17.721164
17.721164
17.712068
17.712068
17.702991
17.693933
17.693933
17.684893
17.684893
17.675873
17.666871
17.666871
17.657889
17.657889
17.648924
17.648924
17.639979
17.631052
17.631052
17.631052
17.622143
17.622143
17.613253
17.613253
17.604381
17.604381
17.595527
17.586692
17.586692
17.577875
17.569076
17.569076
17.560295
17.560295
17.551533
17.551533
17.542788
17.542788
17.534061
17.534061
17.525352
17.525352
17.516661
17.516661
17.507987
17.507987
17.499332
17.490694
17.490694
17.482073
17.473470
17.473470
17.464885
17.464885
17.456317
17.456317
17.447767
17.447767
17.439233
17.439233
17.430718
17.430718
17.422219
17.413737
17.413737
17.405273
17.405273
17.396826
17.396826
17.388396
17.388396
17.379982
17.379982
17.371586
17.371586
17.363207
17.354844
17.354844
17.346499
17.346499
17.338169
17.338169
17.329857
17.321561
17.321561
17.313282
17.313282
17.305020
17.305020
17.296774
17.296774
17.288544
17.288544
17.280331
17.272134
17.272134
17.263953
17.263953
17.255789
17.255789
17.247641
17.239509
17.239509
17.231393
17.231393
17.223293
17.223293
17.215209
17.215209
17.207141
17.207141
17.199089
17.199089
17.191053
17.191053
17.183033
17.175028
17.175028
17.167040
17.167040
17.159067
17.159067
17.151109
17.143167
17.143167
17.135241
17.135241
17.127331
17.127331
17.119435
17.119435
17.111555
17.111555
17.103691
17.103691
17.088008
17.088008
17.080189
17.080189
17.072386
17.072386
17.064598
17.056825
17.056825
17.049066
17.049066
17.041323
17.041323
17.033595
17.033595
17.025882
17.025882
17.018184
17.010501
17.010501
17.002832
17.002832
16.995178
16.995178
16.987539
16.987539
16.979915
16.979915
16.972305
16.972305
16.964710
16.957130
16.957130
16.949564
16.949564
16.942012
16.942012
16.934475
16.926952
16.926952
16.919444
16.919444
16.911950
16.911950
16.904470
16.904470
16.897005
16.897005
16.889553
16.889553
16.882116
16.882116
16.874693
16.874693
16.867284
16.859889
16.859889
16.852508
16.852508
16.845141
16.845141
16.837788
16.837788
16.830449
16.830449
16.823124
16.823124
16.815812
16.815812
16.808515
16.808515
16.801231
16.793960
16.793960
16.786704
16.779461
16.779461
16.772231
16.772231
16.765015
16.757813
16.757813
16.750624
16.743448
16.743448
16.736286
16.736286
16.729138
16.722002
16.722002
16.714880
16.707771
16.707771
16.700675
16.700675
16.693593
16.686523
16.686523
16.679467
16.679467
16.672424
16.665394
16.665394
16.658376
16.658376
16.651372
16.644381
16.644381
16.637402
16.637402
16.630437
16.623484
16.623484
16.616544
16.616544
16.609617
16.602702
16.602702
16.595800
16.588911
16.588911
16.582035
16.575171
16.575171
16.568319
16.568319
16.561480
16.554654
16.554654
16.547840
16.541038
16.541038
16.534249
16.534249
16.527472
16.527472
16.520707
16.513955
16.513955
16.507215
16.500487
16.500487
16.493771
16.493771
16.487068
16.480376
16.480376
16.473697
16.473697
16.467030
16.460375
16.460375
16.453731
16.453731
16.447100
16.440480
16.440480
16.433873
16.427277
16.427277
16.420693
16.414121
16.414121
16.407561
16.407561
16.401013
16.394476
16.394476
16.387951
16.387951
16.381437
16.381437
16.374935
16.368445
16.368445
16.361966
16.355499
16.355499
16.349043
16.342599
16.342599
16.336166
16.336166
16.329744
16.329744
16.323334
16.316935
16.316935
16.310548
16.304172
16.304172
16.297807
16.297807
16.291453
16.285110
16.285110
16.278779
16.278779
16.272459
16.266150
16.259852
16.259852
16.253565
16.253565
16.247289
16.247786
16.255054
16.255054
16.262323
16.269594
16.276864
16.276864
16.284133
16.284133
16.291402
16.298670
16.298670
16.305937
16.313204
16.313204
16.320470
16.327736
16.327736
16.335001
16.342265
16.349529
16.356792
16.364054
16.371316
16.378577
16.378577
16.393098
16.400357
16.400357
16.407616
16.407616
16.414874
16.422131
16.429388
16.436644
16.436644
16.443900
16.451155
16.458409
16.458409
16.465663
16.472916
16.480169
16.480169
16.487421
16.494672
16.494672
16.501923
16.509173
16.516422
16.516422
16.523671
16.530919
16.530919
16.538167
16.545414
16.545414
16.552660
16.559906
16.559906
16.567151
16.574396
16.581639
16.581639
16.588883
16.596125
16.603367
16.610609
16.610609
16.617850
16.625090
16.625090
16.632329
16.639568
16.639568
16.646807
16.654044
16.654044
16.661281
16.668518
16.668518
16.675754
16.682989
16.690223
16.697457
16.697457
16.704691
16.711924
16.711924
16.719156
16.726387
16.726387
16.733618
16.740848
16.740848
16.748078
16.755307
16.762536
16.769763
16.769763
16.776991
16.784217
16.791443
16.791443
16.798669
16.805893
16.813117
16.820341
16.827564
16.827564
16.834786
16.842008
16.849229
16.849229
16.856449
16.863669
16.863669
16.870888
16.878107
16.885325
16.885325
16.892542
16.899759
16.899759
16.906975
16.914190
16.921405
16.921405
16.928620
16.935833
16.943046
16.943046
16.950259
16.957471
16.964682
16.964682
16.971892
16.979102
16.986312
16.993520
16.993520
17.000728
17.007936
17.007936
17.015143
17.022349
17.029555
17.029555
17.036760
17.043964
17.043964
17.051168
17.058371
17.065574
17.065574
17.072776
17.079977
17.087178
17.087178
17.094378
17.101577
17.101577
17.115975
17.123172
17.123172
17.130369
17.137566
17.144762
17.144762
17.151957
17.159151
17.166345
17.173539
17.180732
17.180732
17.187924
17.195115
17.195115
17.202306
17.209496
17.209496
17.216686
17.223875
17.231064
17.238252
17.245439
17.252625
17.252625
17.259811
17.266997
17.274182
17.274182
17.281366
17.288549
17.295732
17.302915
17.302915
17.310096
17.317277
17.324458
17.331638
17.338817
17.338817
17.345996
17.353174
17.353174
17.367528
17.367528
17.374704
17.381880
17.389055
17.396229
17.403403
17.410576
17.410576
17.417749
17.424920
17.424920
17.432092
17.439262
17.446433
17.453602
17.453602
17.460771
17.467939
17.475107
17.482274
17.489440
17.489440
17.496606
17.503771
17.510936
17.510936
17.518100
17.518100
17.525263
17.532426
17.532426
17.539588
17.546749
17.546749
17.553910
17.561071
17.561071
17.568230
17.575389
17.575389
17.582548
17.589706
17.589706
17.596863
17.604020
17.604020
17.611176
17.618331
17.625486
17.625486
17.632640
17.639794
17.646947
17.646947
17.654099
17.661251
17.661251
17.668402
17.668402
17.675552
17.675552
17.682702
17.689852
17.689852
17.697000
17.697000
17.704149
17.704149
17.711296
17.711296
17.718443
17.725589
17.725589
17.732735
17.732735
17.739880
17.739880
17.747024
17.754168
17.754168
17.761311
17.761311
17.768454
17.775596
17.775596
17.782737
17.782737
17.789878
17.797018
17.797018
17.804158
17.804158
17.811297
17.818435
17.825573
17.825573
17.832710
17.839846
17.846982
17.846982
17.854118
17.861252
17.868386
17.868386
17.875520
17.875520
17.882653
17.889785
17.896917
17.904048
17.904048
17.911178
17.918308
17.925437
17.925437
17.932566
17.932566
17.939694
17.939694
17.946821
17.953948
17.953948
17.961074
17.961074
17.968200
17.968200
17.975325
17.982449
17.989573
17.989573
17.996696
17.996696
18.003818
18.003818
18.010940
18.018062
18.018062
18.025182
18.032302
18.039422
18.039422
18.046541
18.053659
18.060777
18.060777
18.067894
18.075010
18.075010
18.082126
18.089241
18.089241
18.096356
18.096356
18.103470
18.110583
18.117696
18.124808
18.124808
18.131920
18.139031
18.146141
18.146141
18.153251
18.160360
18.160360
18.167469
18.167469
18.174577
18.181684
18.181684
18.188791
18.195897
18.195897
18.203002
18.203002
18.210107
18.217212
18.217212
18.224315
18.224315
18.231418
18.238521
18.238521
18.245623
18.245623
18.252724
18.252724
18.259825
18.266925
