3.001750
3.001750
3.000500
3.000500
2.999250
2.999250
2.999250
2.999250
2.999250
2.999250
2.999250
2.999250
2.999250
2.999250
2.999250
2.999250
2.999125
2.999000
2.999000
2.999000
2.999000
2.999000
2.999000
2.999000
2.999000
2.999000
2.999000
3.000250
3.000250
3.001500
3.001500
3.001500
3.001500
3.001500
3.001500
3.001500
3.001500
3.001500
3.001500
3.000250
3.000250
3.000250
2.999000
2.999000
2.999000
2.999000
2.999000
2.999000
2.999000
2.999000
2.999000
2.999000
2.999000
2.999000
2.999000
2.999000
2.999000
3.000250
3.001500
3.001500
3.001500
3.001500
3.001500
3.001500
3.001500
3.001500
3.001500
3.000250
3.000250
2.999000
2.999000
2.999000
2.999000
2.999000
2.999000
2.999000
2.999000
2.999000
3.000250
3.000250
3.001500
3.001500
3.001500
3.001500
3.001500
3.001500
3.001500
3.001500
3.001500
3.001500
3.000250
3.000250
2.999000
2.999000
2.999000
2.999000
2.999000
2.999000
2.999000
2.999000
